0 0 0
0 0.1 0
15 0.1 0
15 0 0
0 0 0
15 0 0
15 0 -15
0 0 -15
0 0 0
0 0 -15
0 0.1 -15
0 0.1 0
0 0.1 0
15 0.1 0
15 0.1 -15
0 0.1 -15
0 0 -15
15 0 -15
15 0.1 -15
0 0.1 -15
15 0 0
15 0 -15
15 0.1 -15
15 0.1 0


3 0 -3
3 1 -3
3 1 -3.5
3 0 -3.5
3 0 -3
3 0 -3.5
2.5 0 -3.5
2.5 0 -3
3 0 -3
2.5 0 -3
2.5 1 -3
3 1 -3
3 1 -3
3 1 -3.5
2.5 1 -3.5
2.5 1 -3
2.5 0 -3
2.5 0 -3.5
2.5 1 -3.5
2.5 1 -3
3 0 -3.5
2.5 0 -3.5
2.5 1 -3.5
3 1 -3.5


3 0 -4.5
3 1 -4.5
3 1 -5
3 0 -5
3 0 -4.5
3 0 -5
2.5 0 -5
2.5 0 -4.5
3 0 -4.5
2.5 0 -4.5
2.5 1 -4.5
3 1 -4.5
3 1 -4.5
3 1 -5
2.5 1 -5
2.5 1 -4.5
2.5 0 -4.5
2.5 0 -5
2.5 1 -5
2.5 1 -4.5
3 0 -5
2.5 0 -5
2.5 1 -5
3 1 -5


1.5 0 -3
1.5 1 -3
1.5 1 -3.5
1.5 0 -3.5
1.5 0 -3
1.5 0 -3.5
1 0 -3.5
1 0 -3
1.5 0 -3
1 0 -3
1 1 -3
1.5 1 -3
1.5 1 -3
1.5 1 -3.5
1 1 -3.5
1 1 -3
1 0 -3
1 0 -3.5
1 1 -3.5
1 1 -3
1.5 0 -3.5
1 0 -3.5
1 1 -3.5
1.5 1 -3.5


1.5 0 -4.5
1.5 1 -4.5
1.5 1 -5
1.5 0 -5
1.5 0 -4.5
1.5 0 -5
1 0 -5
1 0 -4.5
1.5 0 -4.5
1 0 -4.5
1 1 -4.5
1.5 1 -4.5
1.5 1 -4.5
1.5 1 -5
1 1 -5
1 1 -4.5
1 0 -4.5
1 0 -5
1 1 -5
1 1 -4.5
1.5 0 -5
1 0 -5
1 1 -5
1.5 1 -5


3 1 -3
3 1.5 -3
3 1.5 -5
3 1 -5
3 1 -3
3 1 -5
1 1 -5
1 1 -3
3 1 -3
1 1 -3
1 1.5 -3
3 1.5 -3
3 1.5 -3
3 1.5 -5
1 1.5 -5
1 1.5 -3
1 1 -3
1 1 -5
1 1.5 -5
1 1.5 -3
3 1 -5
1 1 -5
1 1.5 -5
3 1.5 -5


3 1 -3
3 2.6 -3
3 2.6 -5
3 1 -5
3 1 -3
3 1 -5
2.5 1 -5
2.5 1 -3
3 1 -3
2.5 1 -3
2.5 2.6 -3
3 2.6 -3
3 2.6 -3
3 2.6 -5
2.5 2.6 -5
2.5 2.6 -3
2.5 1 -3
2.5 1 -5
2.5 2.6 -5
2.5 2.6 -3
3 1 -5
2.5 1 -5
2.5 2.6 -5
3 2.6 -5


